DJI_0313_JPG.rf.06537493e8afd458691c4be5b7df89e6.jpg 335,319,388,359,2
DJI_0276_JPG.rf.03b69251656615a49d87d4782d881273.jpg 111,301,195,364,4 150,274,180,298,3
DJI_0322_JPG.rf.003d639fe90476e836783438c4e8a2ac.jpg 354,56,408,141,4
DJI_0315_JPG.rf.06b5176f8601463d99a33d9caab6ed31.jpg 306,234,407,329,2 49,235,123,345,2 296,329,394,365,2 229,228,437,352,2 158,246,198,305,3
DJI_0303_JPG.rf.001ad9009bc78262476833852f9735d4.jpg 320,108,390,226,2 378,66,413,173,4 311,162,384,282,4 243,229,276,260,3 377,61,413,179,2 268,265,313,296,3 204,218,322,346,2 365,151,418,236,4
DJI_0297_JPG.rf.03c980e6aa223daf9e4470ca8e592f23.jpg 19,82,111,251,2 80,58,154,191,2 39,73,126,176,4
DJI_0324_JPG.rf.052ae995e4ad3b879f2ee2b35b3a0015.jpg 10,57,159,232,2 43,64,121,172,4 115,76,186,175,4
DJI_0270_JPG.rf.073c7fec5664fc741da40c1a65ba3e47.jpg 191,45,242,91,2
DJI_0261_JPG.rf.01b8557cc35f814b020b1154a97e57e4.jpg 103,43,164,93,2
DJI_0327_JPG.rf.04718f6d81a00f35b746191f6fd05005.jpg 339,50,372,64,3 341,57,400,186,2
DJI_0325_JPG.rf.0b1a981890b7f6ec7079dd5b33ea0092.jpg 139,105,217,195,4 96,132,167,270,2
DJI_0326_JPG.rf.0b21b8b4d21c987f78810e91d47f1725.jpg 128,282,213,369,2 108,325,172,363,4
DJI_0308_JPG.rf.08fef2c09844a087320af40d9db0b2d8.jpg 132,308,214,373,2
DJI_0258_JPG.rf.0c4380c012e940ff668b008ffe35a52c.jpg 14,267,129,339,2 -1,157,89,205,4 12,318,95,361,4 -3,308,123,370,4 8,254,107,312,4 27,109,103,169,2 10,103,111,181,4
DJI_0260_JPG.rf.0505f28fcf91d64b7027288d0f10ac42.jpg 43,229,122,305,2 72,57,202,106,2 8,246,85,318,4
DJI_0323_JPG.rf.093f8cd0d24e98f117f7767b5be66b2d.jpg 183,284,251,380,0
DJI_0278_JPG.rf.0c007dda0e22fe72eb8224f23471df4d.jpg 319,84,394,183,4 316,55,405,176,2
DJI_0276_JPG.rf.0f1d7b5323f2996ef855f1e710cbfa82.jpg 302,313,342,348,2 318,50,397,100,4 292,228,396,281,4 283,284,338,330,4
DJI_0306_JPG.rf.0de9c5b63f665e1e9bca000f825140ea.jpg 280,251,390,357,2 247,233,340,304,2 319,299,344,365,3
DJI_0305_JPG.rf.1654bc33e2f385727daecb4ffdf8467e.jpg 215,72,315,143,4 184,168,273,248,4 222,46,304,91,2 177,132,279,179,4 105,244,253,293,2 141,274,221,341,4 188,239,219,265,3 166,138,270,192,2
DJI_0301_JPG.rf.088cefbb5ace39c701f148624ad38591.jpg
DJI_0315_JPG.rf.1551cceea4f41edffe3537d042d80fb2.jpg 289,53,384,106,2
DJI_0274_JPG.rf.0fb53de7a4c61a7563873c02c4045f10.jpg -1,134,42,175,2
DJI_0273_JPG.rf.13abf0cc4fb6ca2dee8da2751d51b1a8.jpg 109,55,226,111,2 0,69,49,197,4 0,67,67,199,2
DJI_0275_JPG.rf.168a749c77baab48cfea80bf5b3682c9.jpg 369,239,410,355,2 30,258,103,352,4 15,244,54,382,2 102,259,190,347,2 379,265,413,354,4 5,276,44,356,4 -6,271,59,370,4
DJI_0305_JPG.rf.14e8c4e05680fc36b7091f9412b16fd8.jpg 341,158,435,216,1 292,288,342,355,1 370,159,416,217,1 326,215,388,299,1 338,226,376,288,1
DJI_0320_JPG.rf.1714d3480e0cdfd770e26b30ca926364.jpg 0,276,47,344,2 53,190,117,281,4 9,320,70,358,0
DJI_0304_JPG.rf.108beaa9fcd0abecbe7432b2c4d98a01.jpg 276,47,345,90,4 2,73,17,167,4 358,308,415,367,2 74,58,109,107,3 2,53,83,158,4 203,45,286,96,4 395,266,417,362,4 145,50,223,103,4 349,304,414,364,4
DJI_0329_JPG.rf.0ed1efe5af0d89752bc64ff7df9fc3b3.jpg 19,66,146,144,2 59,44,154,94,4
DJI_0320_JPG.rf.142b3821508c5f5e766d828779a60cf4.jpg 1,227,59,298,0
DJI_0274_JPG.rf.1039aea32948f23b1ccfc54488f80a7d.jpg 135,235,154,294,2 101,247,141,293,4 45,193,85,282,4 81,210,106,315,2
DJI_0264_JPG.rf.1c04d29a49c14d63cab481678f6f377e.jpg 132,45,209,96,2
DJI_0310_JPG.rf.16ed87bdab9164c93fcfc6382a43c83a.jpg 42,319,99,359,0
DJI_0277_JPG.rf.12152c83e6ea424bd4ec0b882f964149.jpg 118,325,188,362,2 164,189,271,308,2 169,155,270,255,4
DJI_0318_JPG.rf.1cc8d49b7e2e6cb6ee87672edc9c302f.jpg 237,55,319,108,4 317,46,361,73,3 233,49,314,114,2
DJI_0324_JPG.rf.223e12c0a7e10fe5f37ce2e63bcc6a2c.jpg
DJI_0264_JPG.rf.1ec1cfc0cac6f63b1fc7f3d53a2755c9.jpg 234,47,386,105,2
DJI_0305_JPG.rf.1e66a8f4dcd16f2592fbfcf105224d5d.jpg 120,317,224,374,4 188,234,279,313,4 175,273,284,319,2 218,161,298,248,4 241,125,343,203,4 5,51,44,85,4 1,74,36,138,4 140,318,227,363,2 292,50,388,156,2 -5,47,45,162,4 1,130,19,204,4 242,154,313,204,2 150,281,248,349,4 262,62,350,144,4 283,51,367,85,2
DJI_0313_JPG.rf.1039f7f8368130730ed643c033893d2d.jpg 314,70,393,141,4 338,49,413,102,2
DJI_0286_JPG.rf.1c7c31f2aa255d734671cabeeb2ddecb.jpg 144,144,189,252,1 149,174,187,215,1
DJI_0279_JPG.rf.16e30efad1ec2358217ebb2fad0649f9.jpg
DJI_0298_JPG.rf.18b31e25e16a3f85c4a756febdb57fdb.jpg 362,276,417,357,4 162,350,212,364,4 396,232,416,327,4
DJI_0284_JPG.rf.240385a174cde3b6d7d51376eaab6227.jpg 256,62,361,115,2 250,64,361,152,4
DJI_0264_JPG.rf.238c8f35aa9f256d3cfabdc85cf9b090.jpg
DJI_0325_JPG.rf.19b37f9fda0a7be0865d438a068eacee.jpg 388,221,415,252,4 380,197,411,329,2
DJI_0301_JPG.rf.19c165fc372a2dff8c8f7a50690dd7ff.jpg 7,214,81,285,4 201,106,297,192,4 20,259,158,323,2 232,67,389,199,2
DJI_0270_JPG.rf.25644ca1d41fffa211696852d3694faa.jpg 260,266,347,356,2 296,289,354,357,4 127,196,180,292,4 80,204,135,311,2 254,308,268,344,3
DJI_0314_JPG.rf.2486879a481ce23c7fbbceb1a1bda900.jpg 251,52,370,86,2
DJI_0261_JPG.rf.20954c5a87f5bd778d6f0471306d0ae8.jpg 297,275,385,346,4 282,292,403,369,2
DJI_0283_JPG.rf.28c0881011b3fa0dd6447d575c1b4688.jpg -5,222,55,300,2 7,121,63,213,2 0,92,52,151,4
DJI_0324_JPG.rf.26e4b59d10b56abac113d1f534dbcb48.jpg
DJI_0330_JPG.rf.27cf12b9d7fb468a474e55c260bf5c72.jpg 172,262,285,333,4 164,294,311,361,2
DJI_0280_JPG.rf.1cc4b1702b1c829b025358dc22fda371.jpg
DJI_0293_JPG.rf.220e440b7d02272365911256432f226d.jpg 150,84,271,178,4 130,94,305,265,2 138,155,232,218,4 162,135,267,255,2
DJI_0308_JPG.rf.127e32c136b3a0bba547376ca0a4da4f.jpg 317,47,411,156,2 372,97,414,148,3
DJI_0314_JPG.rf.1ee12f170c43b03a9db23a8084fb4744.jpg 164,157,198,202,3 112,193,200,293,4 99,157,243,329,2
DJI_0301_JPG.rf.272e77d3903ce8084fc5fc49e5714490.jpg 332,321,398,361,1 346,276,412,321,1
DJI_0271_JPG.rf.2ab6292b29901e866bc19b74319d9b62.jpg 392,283,413,364,4 287,260,340,351,4 329,263,383,365,2
DJI_0318_JPG.rf.29cc0d723f1c581d8c1d5bda22357d2e.jpg 119,83,170,163,1 141,116,212,190,1 211,65,246,102,1 201,58,261,109,1
DJI_0324_JPG.rf.2ddd1699cea446f7d3ba3ebd24821d1d.jpg 220,55,265,123,4 235,48,351,219,2
DJI_0309_JPG.rf.2ba0998a678544ae9646fd5b28d96717.jpg 1,189,57,302,4
DJI_0320_JPG.rf.29379ab07c2e6c3b3cc8d85e92ac7999.jpg 2,52,15,152,4
DJI_0314_JPG.rf.2b94cb2cc33c00c8638329bbebd27446.jpg 268,76,362,191,4 258,53,415,189,2 276,69,384,168,2
DJI_0327_JPG.rf.18814c0321966a728a609f7ce1c19dfe.jpg 5,55,32,99,4
DJI_0329_JPG.rf.2c7ee16b93badf51213384ee7cc4a0ef.jpg 297,55,379,107,1 288,53,327,65,1 310,34,365,141,1
DJI_0318_JPG.rf.2f91c27cdbe0bdc7626a151ebbcb4207.jpg 101,296,182,373,2 353,49,408,100,4
DJI_0326_JPG.rf.2c5709d7335bf4477595729ac6f2483e.jpg 232,273,292,370,4
DJI_0268_JPG.rf.3031ff27c93d0ae306240e590e0ea277.jpg 333,305,386,353,2
DJI_0268_JPG.rf.3252a66a12f34f85822a020d16d3b8b0.jpg 329,78,399,190,2 291,70,363,151,4 344,56,418,148,4
DJI_0311_JPG.rf.3dcfd75efd9ac96ace3c990ed408fdf1.jpg 353,56,419,144,4 324,60,385,157,2
DJI_0329_JPG.rf.31aca707fa5a7170f4f373ebd10ed588.jpg 95,323,174,363,2 69,329,143,363,4 84,286,160,345,4
DJI_0327_JPG.rf.3a3f40ac377f2d254d8f23ee3c6ecd15.jpg 340,307,400,361,2
DJI_0313_JPG.rf.362c21235620ce553f2529cbdb562470.jpg 103,229,163,360,2 367,179,415,316,2 60,255,135,348,4 381,253,411,310,3
DJI_0276_JPG.rf.398e8005c3633a1f871a3798d23dda5b.jpg 72,300,169,369,2
DJI_0330_JPG.rf.34182f0accf03e9b7f6174adf327cdc5.jpg 240,222,360,305,2 203,170,322,246,4 208,198,392,302,2
DJI_0271_JPG.rf.3008918d9a1079acfac6ad4524f54f5a.jpg
DJI_0304_JPG.rf.3d82812f3ccc0e2dd863a81dae68734d.jpg 248,81,347,181,4 226,115,297,216,2 59,237,146,350,2 338,58,417,155,2 253,122,325,219,2 117,161,190,266,4 148,145,240,219,4 21,235,109,327,4 50,214,161,280,4 358,57,416,112,4 161,170,232,290,2 209,99,277,208,4 -9,286,77,351,4
DJI_0305_JPG.rf.403019d8d22cbfb42e88f934252071a9.jpg 165,168,220,274,1 115,281,150,337,1 95,284,167,334,1 -2,150,78,197,1 11,138,64,216,1
DJI_0260_JPG.rf.3e9de19f2d1d7fdf8f049a24876f8b9b.jpg 245,59,332,159,2 -2,232,56,324,2
DJI_0325_JPG.rf.3ee7bd5fef92135afb9bebe299b52df8.jpg -3,214,45,350,2
DJI_0311_JPG.rf.3f00b5661dabb5cde4932c2da938933d.jpg 26,51,122,123,2 27,50,83,92,4 -2,52,41,114,4
DJI_0258_JPG.rf.429965e44821bee805eb9ded325a5129.jpg 22,131,116,195,2
DJI_0268_JPG.rf.3ec0d74ce6634f9c12631d61620948f7.jpg 193,121,283,215,4
DJI_0266_JPG.rf.45fc768d2766290d8599615323766f7a.jpg 55,35,167,161,4 26,196,98,281,2
DJI_0304_JPG.rf.4084e8e1552da8006ba774053de351f8.jpg 2,52,23,118,4 7,49,68,89,4 34,51,104,98,2
DJI_0315_JPG.rf.423ecf64f62672c7900f7a47ed0e7220.jpg 1,43,45,197,0
DJI_0275_JPG.rf.44d979a569a25e1b8988ef78a6da46e2.jpg 88,284,143,358,4 66,291,91,336,3
DJI_0274_JPG.rf.4536ea4533787d8f51fb73443efd7e1c.jpg 146,79,227,156,2 166,52,264,132,4
DJI_0305_JPG.rf.497f844276dc856a6ead649ece5d925d.jpg 175,346,234,363,3 189,293,278,351,2
DJI_0279_JPG.rf.496cf771784afe406661578562dc183a.jpg 19,142,111,228,2
DJI_0305_JPG.rf.4ab7824e9a69c6289509e4ec7c6d2a2c.jpg 51,238,203,318,4 121,77,240,164,4 136,228,230,335,2 146,136,257,200,2 100,139,197,196,4 70,298,154,361,4 198,51,225,57,3 114,200,225,270,4 135,122,233,220,2 93,243,164,318,4
DJI_0324_JPG.rf.4cd984dd98fa0952ef3e70c996835c28.jpg 292,83,364,189,4 217,204,300,381,2 316,66,422,235,2 379,50,415,81,4
DJI_0324_JPG.rf.4d82b8b7731463b4698576edfad5a443.jpg 244,50,313,88,2 79,56,134,175,2
DJI_0277_JPG.rf.4abdd5a36cc48d7572159df086c52f99.jpg 223,248,291,342,4 264,217,331,317,2
DJI_0318_JPG.rf.4ce2b4881d0873c63e8910d844385325.jpg 88,52,183,131,2 97,58,166,141,4 235,55,259,110,2
DJI_0291_JPG.rf.4d57acccf97e2e818bfd0948d41625ec.jpg 1,289,75,346,4 13,327,126,364,2
DJI_0286_JPG.rf.441d5bf22bdc13bb8ee124efab7c3e86.jpg 57,67,160,143,2 65,108,170,181,4 171,108,235,160,4
DJI_0328_JPG.rf.41447f6afc6ee253dfa9ffc73c0e85eb.jpg 332,49,388,86,4 158,48,303,132,2
DJI_0313_JPG.rf.476a339467023aa96604a929ede8f308.jpg 290,255,357,348,4 273,244,291,298,0
DJI_0297_JPG.rf.4d430b10d5db635e1b950da4dd5cef95.jpg 7,250,51,285,4 0,274,66,346,2
DJI_0320_JPG.rf.4d26c578022a12c00fe7cf46df5cb6e1.jpg 136,159,252,235,4 210,121,272,229,4 98,162,314,297,2 233,122,316,219,2 144,184,262,299,2
DJI_0269_JPG.rf.4c42ef87dd56eb6de45c9551c58c073d.jpg 176,51,231,119,4 105,57,184,128,4 143,66,220,143,2
DJI_0293_JPG.rf.41658e555159a0f79cda391ea64fcc9a.jpg 42,43,112,109,0
DJI_0261_JPG.rf.4a4237e833afa8352951c7cfb0d1c2f4.jpg 118,173,176,280,1
DJI_0303_JPG.rf.4daaeb7816579ce01fe22ae6b2b4c872.jpg -7,93,80,202,2 75,56,142,139,4 261,293,373,370,4 25,83,110,195,4 353,214,412,290,4 230,332,336,362,4 363,218,409,310,2 -7,139,77,257,4 315,262,396,345,4
DJI_0331_JPG.rf.4f266ee5af9a7e34e8f09c88fc3bb7f5.jpg 189,54,288,113,2
DJI_0303_JPG.rf.4ed9b9f30d634bb6b4ad8610cba0a109.jpg 56,56,125,111,4 1,153,18,243,4 0,78,36,161,4 7,59,99,158,4 -2,53,40,156,2
DJI_0277_JPG.rf.42b035ab2bd2ff303b4a6ec8156e1e58.jpg 184,96,243,144,1
DJI_0285_JPG.rf.52b9a1b2865c12bf7a4d60c4f4c6ffce.jpg 152,278,291,338,2 173,321,268,366,4
DJI_0279_JPG.rf.4df7c8171e34eb3d4f79540d0c2483ee.jpg 187,206,236,289,2
DJI_0261_JPG.rf.4db610a974ecc0f23629c81f7de77327.jpg 70,53,163,133,2
DJI_0266_JPG.rf.4fda43a9085d1fe38d25fca853ffe6fe.jpg 284,331,334,364,3
DJI_0311_JPG.rf.4efd183ae6d4e2d25a3630722464ce04.jpg
DJI_0277_JPG.rf.48ee9f2a858d45c970143e6ae930be40.jpg 102,42,178,97,2
DJI_0301_JPG.rf.51eafb27d9c6c2b71299ffcbb5996a28.jpg 1,114,58,162,4
DJI_0264_JPG.rf.51f8dc1e35f7415164eaab1790db60bf.jpg 232,251,335,313,2
DJI_0330_JPG.rf.4e2ba038175fb11bdbb3ca4656b2bba8.jpg 144,328,338,361,2
DJI_0314_JPG.rf.56975d3fec37565fe6cf00526151e5fb.jpg 298,244,356,352,4 342,245,405,324,2
DJI_0324_JPG.rf.58cbcb20b3d6259ed9970b3f2f0cbff3.jpg 9,56,72,141,4 -9,39,90,160,4 19,58,143,214,2
DJI_0327_JPG.rf.5425f2b2a28ba33b05693d2bd7df24c2.jpg 142,223,233,365,2 178,207,245,295,4
DJI_0298_JPG.rf.54a70b0c7b7b92f4cf1e39dfc73f2aa1.jpg 192,44,275,237,2 160,55,218,133,4
DJI_0298_JPG.rf.57ab7423477cf8b653923f62c1236d44.jpg 27,300,87,364,2 4,323,52,361,4
DJI_0261_JPG.rf.59b70123c75e6578da7f9af8e540f953.jpg 331,219,408,311,2
DJI_0261_JPG.rf.5a187c69ffa094fd477e6cf0e2fbeea6.jpg 3,279,30,347,4 13,167,98,240,2
DJI_0328_JPG.rf.5ac98bbcf1f0372343087b5d75aa7c2f.jpg 345,131,413,229,4 300,111,396,318,2
DJI_0268_JPG.rf.512037b8ab777f3d84661de8b376c6f6.jpg 63,52,158,124,4 28,156,92,236,2
DJI_0291_JPG.rf.5653b51aa4fc9cfd9f1101f24c8b2a31.jpg 244,267,311,379,0
DJI_0279_JPG.rf.58442e0918aacf9fdee32d7fa8df779a.jpg 229,304,310,361,4 213,340,283,365,2
DJI_0314_JPG.rf.5c2ede2031915585fa178b9b4e10d0d7.jpg
DJI_0307_JPG.rf.55dab2883d8193a078b5e0e5707e8159.jpg 230,51,326,88,4 307,83,335,143,3 266,52,386,153,2
DJI_0269_JPG.rf.5bc87e576adcfb81c3c7d844352047bb.jpg
DJI_0268_JPG.rf.5b42a8e2264b1c8bd7c10e769a89fc5f.jpg 101,141,170,271,4 35,153,107,271,2
DJI_0302_JPG.rf.5c132711426b9db124e53558ecbcdddb.jpg 268,315,323,368,0
DJI_0264_JPG.rf.6073ce58664a3abec8f08958fdbd848b.jpg 75,58,165,162,2 316,81,418,200,4 307,76,419,231,2
DJI_0318_JPG.rf.524d0c2bc1dc42ef4d8ff9ecd84bcd79.jpg 8,54,67,98,2 317,341,363,365,3 237,323,299,363,4 -3,76,43,193,4 227,253,322,357,2
DJI_0276_JPG.rf.5b7ace53f3db1255beb03e1f54462470.jpg 312,141,350,236,2
DJI_0275_JPG.rf.5f5ecde97de59a2697db2dd979b816ce.jpg 50,329,121,362,2 75,334,140,368,4 59,243,116,313,0 87,292,173,357,2
DJI_0309_JPG.rf.5f74783776bbacff023dfea5cbad4196.jpg
DJI_0269_JPG.rf.5f79ce9cda406ca7b0434836c2094514.jpg 81,344,135,364,2
DJI_0328_JPG.rf.6755c0099d1eda00dcca861730d70f37.jpg 152,293,205,365,4 185,289,272,365,2
DJI_0304_JPG.rf.5884ac7161866aa8252149e1d484fcab.jpg 28,302,78,362,2 300,238,396,352,4 308,214,341,244,3 140,309,220,369,4 368,185,417,279,2 190,269,221,296,3 147,237,219,361,2 366,211,414,304,4 196,297,269,365,4 257,168,352,379,2
DJI_0320_JPG.rf.5ad848537c7f66f8912f84423f12850e.jpg 63,172,143,270,2 46,132,129,203,4
DJI_0274_JPG.rf.58f0f7f10e00948a5c4db584ebf94e8f.jpg 273,181,341,259,4 278,208,300,286,2 221,184,292,284,4 203,171,243,285,2
DJI_0305_JPG.rf.676694ff94f0aab2da43b5294c017f2c.jpg 347,297,399,346,1
DJI_0307_JPG.rf.6ab81f5f565b0abecc77dcb9b2f18837.jpg -1,285,36,372,4 228,275,293,367,2
DJI_0311_JPG.rf.63b49053133dde38ff705c9bae53df78.jpg 381,298,413,358,4 135,184,215,299,4 93,179,195,295,2
DJI_0274_JPG.rf.605116141b47009fd2f467d93ca3e677.jpg 177,351,232,364,4 343,167,401,225,3 376,250,414,320,4 315,272,398,357,4
DJI_0298_JPG.rf.63318eed727380ded7a8d605c758ba1e.jpg 6,57,114,119,2
DJI_0303_JPG.rf.5c0ed83baad58c8af7cbe623ee58a625.jpg 8,61,41,119,3 10,53,108,150,2 63,51,88,68,3 4,75,48,109,3 3,144,19,222,4
DJI_0274_JPG.rf.636de6a64a18281f045931cc04e3ecb9.jpg 282,177,360,275,4 225,170,295,300,4 339,177,412,283,2 265,171,313,294,2
DJI_0307_JPG.rf.6da6cc6dde4b916f8ccbf9a437352a55.jpg 229,335,326,365,2
DJI_0268_JPG.rf.6c43e95dc274f6a0b71168dac6391197.jpg 119,43,191,98,0
DJI_0291_JPG.rf.59943810909f2bc2462e7e7a832eefa1.jpg 335,170,406,255,4
DJI_0304_JPG.rf.60fef94f6dcc9f4255ab177fc31f458c.jpg 112,278,162,365,2 157,293,203,365,4
DJI_0304_JPG.rf.5cb807bdd64f7147c00f47b3efb80dc2.jpg 311,121,387,208,4 320,57,397,152,2 40,280,131,365,2 226,93,290,216,2 356,79,422,162,4 262,143,349,248,4 205,162,291,249,4 137,247,209,337,4 160,181,215,306,2 262,113,289,136,3 149,245,208,340,0 68,277,97,320,3 195,227,260,318,4
DJI_0329_JPG.rf.6a3501e9c7439d7c172400931d2b1267.jpg 170,64,253,168,2
DJI_0318_JPG.rf.5d9a9c7764758ac92cf91209555e8013.jpg 351,44,415,107,4 358,73,414,163,4
DJI_0311_JPG.rf.6e6089974b8953db02130240b2332938.jpg 266,57,327,105,2 313,52,365,99,4 0,41,44,112,4 35,49,74,119,2 49,55,121,111,4
DJI_0331_JPG.rf.5f96f3a45eca8729252be8d1b5b6f176.jpg 130,215,282,370,2 161,239,254,354,2 123,247,217,359,4
DJI_0320_JPG.rf.6a59d68a5ecf1499e053a097f5038fa9.jpg 173,243,241,344,2 375,142,415,259,2
DJI_0331_JPG.rf.67bec0e69c6bc6cfbb31b1fd35209db9.jpg 156,53,239,97,2
DJI_0278_JPG.rf.6db55a2ce9ba1ef62412327646a925fd.jpg 130,249,198,338,2 192,121,291,217,2 180,81,294,192,4 197,90,279,161,4
DJI_0329_JPG.rf.7242df947ee9dd6d9c9befe7fff82e48.jpg 269,175,298,213,3 198,305,304,368,4 243,125,382,269,2 322,119,395,195,4
DJI_0306_JPG.rf.6851097b2e7a7d7df305814e85509795.jpg 230,78,300,193,2 334,148,418,273,4 205,41,297,175,4 260,98,337,181,4 375,174,412,297,2 380,203,414,294,4
DJI_0323_JPG.rf.70890fbaa12342dd486ca6cf36d6b368.jpg 189,295,241,365,4 227,315,264,363,2 248,306,306,362,4 103,317,200,361,2
DJI_0306_JPG.rf.6f9634021ba232ec9b4159c2b9ab7458.jpg 294,284,402,362,4 0,174,11,260,4 -2,189,51,312,4 245,180,342,292,2 217,149,370,325,2 30,256,122,355,4
DJI_0301_JPG.rf.73f35686a18533a982d88735f81a98e2.jpg 358,93,417,170,2
DJI_0327_JPG.rf.756b9219586b8470e8d0a9d37a70d558.jpg 72,69,150,167,4 11,92,100,178,4
DJI_0303_JPG.rf.743fb25ad5f323ffafc9a609494a3e75.jpg 256,49,333,104,2 54,113,195,224,4 184,53,270,124,4 0,235,66,325,2 66,140,147,260,2 140,72,222,198,2 119,66,213,177,4 -9,181,93,293,4 90,122,171,193,4
DJI_0266_JPG.rf.780f1678fa8d631e697cc0229255aab0.jpg 105,119,176,193,4
DJI_0298_JPG.rf.7567820727cfb3499b36f1f0d3a7cdd5.jpg 327,147,373,252,0
DJI_0266_JPG.rf.775d2585542a7274b0a5db68d289f6ac.jpg
DJI_0307_JPG.rf.6ffe8165c6203091d34dfa11050a5abd.jpg 377,290,412,366,4 215,160,289,300,2 243,186,320,281,4 317,244,406,357,4 200,152,266,246,4
DJI_0271_JPG.rf.78897a4d83009a292f8f7c9be76b61c4.jpg 4,115,41,179,2
DJI_0293_JPG.rf.76521a17e24effdcc3fe567ab8abde06.jpg 246,294,277,327,1 220,283,311,337,1
DJI_0268_JPG.rf.73f1de397969339229ec0b3221bcd2e9.jpg 79,327,156,368,4
DJI_0310_JPG.rf.7146451f095798486a02f2d524008a59.jpg
DJI_0315_JPG.rf.7771a98d5d9185f0fcd43579eff00694.jpg 20,171,160,328,2 44,341,77,365,3 76,315,155,361,4
DJI_0305_JPG.rf.78b442a0a45627101eac16bdb3354f83.jpg 349,66,413,133,4 249,325,345,366,4 238,242,379,294,2 317,124,402,186,2 325,46,395,89,2 309,167,397,234,4 303,144,386,188,2 255,328,360,363,2 262,270,359,344,4
DJI_0264_JPG.rf.76615bbd985caf8ec54b0046b1ffddda.jpg
DJI_0311_JPG.rf.7a9a5b090065724fe14ddacd1c4bc75b.jpg 362,197,411,312,4 309,204,364,317,4 20,298,87,368,4 272,160,419,369,2
DJI_0258_JPG.rf.76bf09920e22673401e373d4194b3e1f.jpg 64,301,147,357,2 90,156,185,215,4 60,324,105,351,3 63,252,133,317,4 58,251,144,345,2 113,152,227,211,2 35,242,154,325,4
DJI_0298_JPG.rf.7940b3b2b33e08cd63c8cd734044e2f8.jpg 3,59,70,106,4 -4,71,49,147,2 39,57,99,111,2
DJI_0274_JPG.rf.7b3f2e9a8d5da335c33d45f132cd82cc.jpg 33,214,115,308,2 329,178,355,258,2 56,197,123,277,2 329,189,399,282,4
DJI_0261_JPG.rf.7e4c2f3fc8f6235d08e294d7688daa4d.jpg 353,272,411,327,4
DJI_0320_JPG.rf.77a4ad26a0ef85afb2ee5bf566684e47.jpg 286,52,367,119,4
DJI_0311_JPG.rf.7dbfeff8d48eb64f1b12cec6e57e7b96.jpg 7,93,103,211,4 0,142,51,251,2
DJI_0315_JPG.rf.7ed4413e437d22c6372bdc9d78c5c91e.jpg 71,55,163,107,2
DJI_0322_JPG.rf.7bad9f01ccb9c252ea764ef4338eeaa9.jpg 181,228,270,360,4 204,194,342,364,2
DJI_0324_JPG.rf.7ccafda77820e805b133ab6eda8d1d12.jpg -1,65,38,211,2
DJI_0315_JPG.rf.7dd2d09ab50fa4d602a39358fb73f77e.jpg 107,113,178,212,2 14,68,135,229,2
DJI_0269_JPG.rf.800ce419a7370880fbfe297b9f0257d2.jpg 302,52,389,163,2
DJI_0327_JPG.rf.7a29331554b82e6409fae64ca2f55a70.jpg
DJI_0320_JPG.rf.7b77208a7845b47006e0f17a84ce5dbe.jpg 379,277,414,346,2 370,256,420,370,2
DJI_0303_JPG.rf.832d1be09431059743d72e6c9052e2e7.jpg 318,188,398,275,4 288,258,379,362,2 281,237,379,318,4 340,130,415,219,4
DJI_0302_JPG.rf.7be6cce7087286382dcdecfaeff9efc5.jpg 89,49,181,95,2 10,46,85,177,2
DJI_0285_JPG.rf.7c4a8ecb79ffdf03afd38fc0ef9187f9.jpg 263,130,305,161,3 194,49,286,121,4 222,57,330,147,2
DJI_0324_JPG.rf.7dbd5bde893c8e21b571814dd8997a73.jpg 88,79,279,269,2 141,61,236,150,4 166,171,231,216,3
DJI_0309_JPG.rf.84cd8d1283a10bb5380d0268bdefb37a.jpg 355,196,400,323,2
DJI_0323_JPG.rf.7980b5f2490795251744ed766421b967.jpg 237,50,266,129,2 93,50,148,87,4 126,61,288,119,2 251,44,303,98,4 194,52,247,80,4
DJI_0330_JPG.rf.7c331b34aeb0df1af3642a1243dc3759.jpg 63,175,238,252,2 60,136,149,209,4
DJI_0308_JPG.rf.7b6027287e0d7cf91116c736444e038e.jpg 89,236,288,357,2 131,51,209,99,2 131,248,267,354,4
DJI_0314_JPG.rf.87295b8e18facd826d730bcfae7fddc4.jpg 47,301,123,365,4
DJI_0322_JPG.rf.82751781614dfe534f7407e7b84840f3.jpg 83,191,200,278,0
DJI_0320_JPG.rf.89d5f44b580ffa58d0b02cfc29fd03a1.jpg 365,54,423,154,4 357,36,387,142,2
DJI_0279_JPG.rf.87739551c690ca89b5d70107708f6139.jpg 171,57,256,165,2 239,186,300,273,4 202,212,267,286,2
DJI_0305_JPG.rf.7fccfe4429f9a0efbbf0b521f3960fca.jpg 27,198,106,281,2 1,346,57,363,3 35,56,102,90,4 22,80,126,155,4 16,339,55,367,3 4,58,103,95,2 61,254,82,300,3 58,205,78,230,3
DJI_0311_JPG.rf.8d78b674c0038644cce1cf77acc539f1.jpg 392,58,416,121,4
DJI_0293_JPG.rf.856d6271feab2a3e7388af74e9fd8035.jpg 6,294,62,364,2 96,273,166,356,2 137,309,176,360,4 367,220,410,249,2
DJI_0308_JPG.rf.8b8fac72307fd940bf2a59af68822191.jpg -2,49,72,151,2
DJI_0275_JPG.rf.88664fb3c236dd83437fb61450bcf616.jpg 250,318,291,364,4 22,292,48,360,2 21,235,65,383,4 15,256,76,342,4 233,283,257,364,2 2,275,23,346,4 198,271,239,359,4 287,305,309,364,2
DJI_0323_JPG.rf.88533ffb62bbecb4ba603c48763aa5d0.jpg 197,48,273,88,2 0,56,50,144,2
DJI_0258_JPG.rf.8a2dac4c0362c16422fd8f34a5f5b397.jpg 17,69,123,134,2 -4,56,128,147,4
DJI_0327_JPG.rf.89d7775420e335f99124fa4bee64d4fa.jpg 179,50,209,114,4
DJI_0260_JPG.rf.8e79438086de95dd6b1bc271613b3de0.jpg 382,214,413,289,4
DJI_0260_JPG.rf.8a65e206c6c29ab774f8240f83387594.jpg 328,156,384,267,1
DJI_0324_JPG.rf.90d7d081b84794960d31ac9a809ad91d.jpg 28,324,118,362,4
DJI_0273_JPG.rf.8ef5863ec79d500b35ac8a24be953912.jpg 213,185,336,297,2 88,287,187,368,4 222,223,315,297,2 231,172,329,268,4 102,273,194,361,2
DJI_0331_JPG.rf.953516949882b274e527f8c85e375b09.jpg 203,50,256,101,2
DJI_0313_JPG.rf.8e86610a94f930ff5d58966fd3b10ed7.jpg 333,208,410,308,4 284,172,381,284,4 268,109,416,308,2
DJI_0304_JPG.rf.9131cd9f04c4b9b9d154d742b5a7a26e.jpg 52,55,144,123,4 58,77,124,168,2 143,47,191,86,2 106,50,165,95,4
DJI_0275_JPG.rf.8f0e2abd5c5aa645b48a8b9a132b6b46.jpg 7,45,108,142,4 48,58,135,126,2 114,45,179,103,2 80,52,129,80,4
DJI_0297_JPG.rf.88b54ccdbae534bdc124537ca2e26351.jpg 319,185,392,296,2
DJI_0323_JPG.rf.8e37b5cf8f60fd701ab24bb920fb7e1b.jpg 209,286,284,361,2 332,105,419,323,2 339,156,380,218,3
DJI_0269_JPG.rf.923403e0c10827d27ab5bbbcd144586e.jpg 254,119,325,235,2 307,115,368,232,4 136,53,172,133,4 73,50,130,156,2
DJI_0293_JPG.rf.87b59a2b7d8a5b889f04b5f1912ebcaf.jpg 399,50,416,125,4 333,134,423,211,4 360,72,413,168,2
DJI_0286_JPG.rf.8b6d2002808c6ef697873b68d365008a.jpg 113,187,243,253,2 80,129,234,198,4
DJI_0311_JPG.rf.922497c0d0e3fe39b696337c88b8fe46.jpg 198,214,290,336,4 189,226,308,362,2
DJI_0330_JPG.rf.93e7feeb53d08c0ea4c875e6cade980c.jpg 23,56,187,112,2
DJI_0329_JPG.rf.7fd2cd2d991703a095b2c74c2b08ba52.jpg 219,151,321,227,4 165,165,280,292,4 229,169,312,288,2
DJI_0326_JPG.rf.92cd249f6d5091d5e8b997020a592d4f.jpg 45,51,131,136,4 129,53,222,124,2 111,54,188,111,4 56,40,155,164,4
DJI_0320_JPG.rf.8b79597977fc0466bead7067d8c436cb.jpg 270,330,353,361,2 286,290,376,359,4 -3,180,50,279,2
DJI_0331_JPG.rf.93a235c03faf0f9e6372342df18813bd.jpg
DJI_0264_JPG.rf.97285e8502f775caf0956b0dee39deb6.jpg 40,270,115,352,4 308,140,385,214,2
DJI_0260_JPG.rf.91e0a3aeed6da855a4e1211615622519.jpg 186,193,264,259,2 124,294,209,363,4
DJI_0293_JPG.rf.965d868a15e83e2227b39cd2a475b865.jpg 121,328,193,363,4
DJI_0291_JPG.rf.9a10ea6c7aeae45f59676eef38cc9b2c.jpg 256,61,331,123,1
DJI_0297_JPG.rf.9819cc8619e90cbf27bc92c96e18bc98.jpg 364,258,405,357,2
DJI_0294_JPG.rf.970c4112b5ade51fd59209ec96f9e695.jpg 164,212,228,338,2 14,275,108,373,4 201,246,235,319,4 67,238,132,361,2 45,252,112,366,2
DJI_0322_JPG.rf.9d6d7d11ac8ba6c2a2b4242d65976976.jpg 361,240,388,312,1
DJI_0294_JPG.rf.93d3ccd3ab2a61b7da79b33d151db1d1.jpg 18,151,71,192,2 188,52,239,72,4
DJI_0301_JPG.rf.9bf8e98530f81244dc3b073a5aea0733.jpg 8,149,52,179,4 9,176,46,199,4
DJI_0326_JPG.rf.9d62bcd19e681a1149952c8d41e42d91.jpg 2,286,67,373,4 30,243,109,362,2
DJI_0266_JPG.rf.9e561800f4ad61a899a3c16c3fa0318a.jpg -3,59,53,119,0
DJI_0303_JPG.rf.9dfd41889af3e0024a44520f4cfef680.jpg 101,215,206,279,4 112,245,185,351,2 343,52,400,92,2 3,332,54,358,4 206,85,335,177,2 177,49,286,151,4 126,134,204,260,4 165,135,248,262,2 145,123,257,185,4 236,51,314,118,4
DJI_0302_JPG.rf.a0a87d800a0e4879ba8abe984ecc5c23.jpg 327,266,402,336,1 293,290,349,352,1 354,205,408,291,1
DJI_0275_JPG.rf.9f6f49074191365af256af7d78745cb7.jpg 130,214,197,258,2
DJI_0269_JPG.rf.a2faf74c34a78f511c390c884cff1f7d.jpg
DJI_0323_JPG.rf.a0ad84aa4c9114f64c09055e3f5231e4.jpg 188,50,249,88,0
DJI_0320_JPG.rf.9d9cd5ee1ea9a6b9b09f53c02d5b1a3c.jpg 214,53,303,124,4 156,56,274,163,4 180,55,300,155,2 278,52,365,124,2 173,92,238,155,4
DJI_0266_JPG.rf.9f3e222094b95c0148b7cb7c70c24e17.jpg 49,80,119,183,4 4,88,22,160,3 3,57,139,223,2
DJI_0310_JPG.rf.9fa64b52c157e3db1b38b1bd7bf73bd0.jpg 325,208,419,328,2 207,60,314,172,2 194,66,289,164,4
DJI_0330_JPG.rf.a4f13b2e60ca3065d1614b752ef5a69a.jpg -3,65,53,130,2
DJI_0310_JPG.rf.a46483cfe15217cd2ee97e605409736a.jpg
DJI_0269_JPG.rf.a6288e34ae453fd619b2154adfff1690.jpg -2,118,54,210,4 31,114,111,229,2 101,113,165,218,4
DJI_0325_JPG.rf.a610a49dda02dfdc2633f704b05704b4.jpg 371,334,405,365,3 307,254,389,347,4 354,209,417,347,2
DJI_0310_JPG.rf.a4b0d9b855a5f22bb7096b4a000a9349.jpg 217,276,302,357,4 140,266,280,348,2
DJI_0269_JPG.rf.a8b6e56531602a2744bc97d58440ea34.jpg
DJI_0310_JPG.rf.a4650e05599e76a8d5c71c5591bf829c.jpg 95,119,148,206,4
DJI_0298_JPG.rf.a83a0b7d43f0eb0805cf47b5192aa600.jpg 0,239,48,317,4 260,32,366,340,2 6,199,109,365,2 228,130,320,214,4 2,282,23,365,4 305,60,358,116,4
DJI_0275_JPG.rf.b52a0be9686e2c0a6189662fc798d49e.jpg 291,165,360,232,2 301,126,391,211,4
DJI_0266_JPG.rf.adc402e50fa8652605649911ff25391d.jpg 201,215,360,365,2 4,215,83,309,2 220,224,336,331,4
DJI_0266_JPG.rf.a9f3efd140d6024bf09fcd203ed2ed5f.jpg 292,50,355,69,2 188,138,269,255,4
DJI_0305_JPG.rf.aafd89da4acb5a4c05d84f3981141e4a.jpg 26,333,118,365,4 42,235,109,288,4 23,265,88,304,2 26,278,112,346,4
DJI_0268_JPG.rf.aac75c3f8ab876f7b355e3c8a95b2469.jpg 320,64,389,168,4 257,68,332,179,2
DJI_0320_JPG.rf.b6c2b0342dc6674a8432348cae4e5f6d.jpg 220,290,333,365,4 207,124,273,213,2 187,192,374,392,2 -2,138,38,261,4 295,332,364,361,4 219,219,298,330,4
DJI_0311_JPG.rf.b70ac6cb315fbdddebc435c8d7dd1c03.jpg 378,118,415,256,2
DJI_0328_JPG.rf.afb38804c848c204924b01db72dfac3d.jpg 123,144,182,246,4
DJI_0274_JPG.rf.9f24d038579bf4e422d7fe61a5a7a74e.jpg 257,132,354,227,4 125,232,209,360,4 253,171,332,263,2 29,324,85,360,2 166,224,247,360,2
DJI_0268_JPG.rf.aff5d584fed9c9926fff69f8753ca9b7.jpg
DJI_0285_JPG.rf.a6e24180f06530552da1690ba923e773.jpg
DJI_0303_JPG.rf.b79a5540f7a4ffdbae5eed099ac459d4.jpg 333,172,415,263,4 398,104,414,144,3 271,191,382,284,4 399,147,417,253,4 398,113,418,222,4 58,325,127,366,4 68,258,140,365,2 162,262,238,349,4 223,254,260,302,3 275,97,383,303,2 0,310,40,365,2 148,173,265,359,2 93,284,181,364,4
DJI_0304_JPG.rf.a6bf6bef6d8baaea7560dee295b12982.jpg 15,46,128,95,2
DJI_0310_JPG.rf.b54d7dcd84d37ee874cfde04b377f05e.jpg 213,251,277,361,2 260,252,319,349,4
DJI_0264_JPG.rf.a4a817265067781aa8d699a12bb2911e.jpg 193,249,258,348,4 151,310,220,364,2
DJI_0331_JPG.rf.b0fa26a816fa6c32c82498f84a792f7a.jpg 223,145,312,252,2
DJI_0305_JPG.rf.bc5a7a9a43385b625cbd3597e6faf015.jpg 1,227,33,301,4 4,317,32,358,3 19,145,132,226,2 1,248,53,337,2 57,55,141,118,4 25,175,58,198,3 95,55,194,113,2 0,86,125,183,4
DJI_0291_JPG.rf.b8897371c35871163d1b38bec8b3dad5.jpg 6,48,98,99,2
DJI_0326_JPG.rf.bc71f09d01293d2c87da42a281a0db63.jpg 167,170,266,325,2 220,156,280,240,4
DJI_0305_JPG.rf.b3ae6e1011feb26cb815ac9ef54d36c9.jpg 3,114,103,186,4 2,278,57,349,4 317,264,395,340,4 0,224,81,297,4 253,298,381,369,4
DJI_0325_JPG.rf.b0b8442d5f63aa68d5697b086825be20.jpg 26,167,108,285,4 -5,163,83,359,2
DJI_0302_JPG.rf.bb2ab0b5c454de65b4927577fcb2449b.jpg
DJI_0291_JPG.rf.b779e82470c8f5669b41d048deef6a93.jpg 267,313,391,355,2 198,106,277,195,2 149,118,217,180,4
DJI_0293_JPG.rf.c01af1bda22eabbf85f568e56fbdd4e9.jpg 21,320,152,365,2 365,49,416,149,4 377,60,409,122,4
DJI_0304_JPG.rf.be8c9a024d87b4ac88ae0a0627e883f3.jpg 108,252,187,358,4 0,296,77,367,4 40,273,127,360,4 134,206,219,317,4 240,162,318,259,4 151,50,221,81,4 127,264,205,347,2 214,203,308,286,2
DJI_0326_JPG.rf.c71d921595b82efa8b57dfa0410a2ee4.jpg 67,57,169,94,2
DJI_0314_JPG.rf.bd06a8dc3ed258a60595c1286cf1ac59.jpg 268,301,351,366,4 236,198,425,345,2 59,228,147,328,2 252,208,369,314,4 40,230,139,360,4 38,196,168,366,2
DJI_0329_JPG.rf.c889a1f6b17ee2651f884f2b7211aa10.jpg 283,322,338,356,1
DJI_0283_JPG.rf.c23b4de45fc476e13863996d6bea175e.jpg 215,220,323,283,2 187,138,265,196,3 209,115,310,213,2 215,238,259,281,3
DJI_0264_JPG.rf.b8f0b4648ef3352dbdc9847fac66b32c.jpg
DJI_0302_JPG.rf.c711c15a76608e5186e4e00aa772bb79.jpg 61,247,105,288,1
DJI_0322_JPG.rf.cc730ebb1023285b289a5e9637190d9a.jpg
DJI_0298_JPG.rf.ca9a7dad532759285b2cdc19f7721abb.jpg
DJI_0305_JPG.rf.c3504642b069f07b558911e222218219.jpg 132,57,206,91,2 81,41,181,154,4 90,59,171,126,4 -5,206,104,290,4 19,135,118,237,4
DJI_0314_JPG.rf.bc508a722e627cf0cc74cfaac6dd193a.jpg 0,50,89,157,4 14,53,151,192,2
DJI_0260_JPG.rf.c41dcae9684579c24528d36581cc07ff.jpg 278,329,380,365,4 274,330,408,362,2
DJI_0270_JPG.rf.c4c5c23047e8480752e71cb4c910bf3c.jpg
DJI_0270_JPG.rf.bef087482a6b330ba93bfa17eda4816a.jpg 48,253,103,348,2 45,260,99,354,4 189,189,265,305,2
DJI_0309_JPG.rf.c9586bbe8253ca72f5006676e73934ee.jpg 49,180,113,285,2
DJI_0264_JPG.rf.d0f3252934d1b80104e664771231034e.jpg 0,73,38,231,4 0,118,37,250,2 151,255,243,354,4 124,245,225,351,2 89,227,249,365,2
DJI_0258_JPG.rf.c9d34732d58ef73927f5d98d4045d420.jpg 88,41,187,117,0
DJI_0330_JPG.rf.bcec1876e08ef5d70de11004417de324.jpg
DJI_0331_JPG.rf.d3a3aabcf4dcfee68b4aac022c042597.jpg 142,246,247,361,2 287,175,407,354,2 291,135,404,259,4
DJI_0322_JPG.rf.c3db4ca23b2b69779f079d2b2cc16f45.jpg 0,321,69,360,2 66,322,118,360,4
DJI_0322_JPG.rf.c143a01fa7e3c166ef2ff901baef9ed4.jpg 370,52,419,79,4 265,49,286,112,2 325,69,423,155,2
DJI_0270_JPG.rf.c49518c27b893d507a5edaf89cdf3840.jpg 26,55,110,92,2
DJI_0278_JPG.rf.cb2ccbd45bf913ea3045c1be1811dfea.jpg 0,65,46,174,2 4,50,54,106,4
DJI_0330_JPG.rf.ca96e9e396c68083ae5720bcf9359d80.jpg -5,124,64,189,2
DJI_0308_JPG.rf.cbc4a6418ec3ca02b20b5e20d1cea2d3.jpg 26,319,116,364,2 28,308,117,369,4
DJI_0276_JPG.rf.cf87bea01577f64472358c58f196dc44.jpg 270,186,428,276,4 302,248,412,312,4 318,301,408,366,2 284,234,414,312,2
DJI_0260_JPG.rf.d96e4fa73edbce6fcfae2efa29bc0a30.jpg 37,163,113,268,2 63,168,91,211,3 -5,183,84,282,4
DJI_0322_JPG.rf.d63b1a073cf3eb9ae7c05024df129231.jpg 15,78,44,141,3 62,54,117,142,4
DJI_0309_JPG.rf.d9fc995010883dad1f8a6887c38e8101.jpg 262,217,371,323,4 299,199,420,349,2 5,121,177,256,4 0,139,168,325,2 322,178,403,262,4 233,228,261,288,3
DJI_0308_JPG.rf.dddd2058b514aa201e2a650b08728b36.jpg 79,48,212,113,2 137,49,270,128,2 379,53,413,120,4 365,69,415,203,2 335,55,375,110,3
DJI_0273_JPG.rf.d630649e00eda0149b77ae5248acd893.jpg -7,234,74,346,2 285,229,306,275,3 299,178,326,305,2 317,217,377,299,4
DJI_0273_JPG.rf.dab313e7220ff98b242968d0875441b9.jpg 362,147,411,197,2
DJI_0273_JPG.rf.d979120c433eacf1bc8e53fcbfcf6f4b.jpg 191,213,236,320,2 220,219,295,318,4 281,212,345,296,4
DJI_0297_JPG.rf.d2cf2d868afb89a3c7d6143c6b24995b.jpg 353,228,389,344,0
DJI_0302_JPG.rf.de02eac2766b85ebac791339e710f051.jpg 126,157,275,325,2 157,184,255,290,2 81,241,181,353,2
DJI_0330_JPG.rf.d65e32366b0463fd99147383f85bb2de.jpg 146,50,249,86,4 143,55,324,120,2 261,50,294,82,4 291,51,311,86,4 242,110,413,212,2
DJI_0261_JPG.rf.ddb00d1d9ac1edf4b47cc675f7189019.jpg 220,168,312,256,4 211,193,282,327,2
DJI_0322_JPG.rf.df0d40e3c85aa8034f116f83142b4903.jpg 346,283,375,360,2 364,260,419,363,4
DJI_0271_JPG.rf.d9a06aec80ca729c7a160ec3669ef333.jpg 217,186,270,256,4 245,143,289,247,2 367,100,409,169,2 377,116,407,178,3
DJI_0311_JPG.rf.e36fd60fd14cdcac711e20f6a26c9248.jpg 279,264,375,352,4 231,214,316,334,4 298,206,352,245,3 382,285,415,343,3 287,165,401,368,2
DJI_0301_JPG.rf.dd3dcdf4c2bccf9825d8e713f733c0e2.jpg 231,272,300,314,1
DJI_0260_JPG.rf.e484773a22dcbf8d7a795935c004e1f7.jpg 87,306,188,360,2 272,39,376,125,4 263,51,370,156,2 74,306,173,365,4
DJI_0293_JPG.rf.d81a3c3293f629acc2936745dd2756b0.jpg 3,50,25,126,4 5,51,66,152,2 109,51,164,93,2
DJI_0315_JPG.rf.d6bd985f14738d78261e08efb0ef88ad.jpg 322,45,409,184,0
DJI_0308_JPG.rf.d59eaff47b66ba5aae00f3d0adcd0d3a.jpg 34,48,105,84,4 -1,44,69,134,4 25,42,144,190,2
DJI_0270_JPG.rf.e34130047510b6777acab8a79d1546e1.jpg 74,272,126,362,4 15,248,98,368,2 3,272,20,360,4
DJI_0276_JPG.rf.e289dcc21e0b8e44972b1f8f9c0c4d71.jpg 46,93,141,250,4 16,107,91,188,2
DJI_0326_JPG.rf.e14aaa6adc9936d81be25204e534fc20.jpg 65,194,177,363,2 60,256,110,297,4 107,206,188,326,4
DJI_0306_JPG.rf.e57f99cc158e9fc810305a5ae3163a20.jpg 177,91,249,200,4 108,79,184,198,2 394,213,417,316,4
DJI_0313_JPG.rf.dcce1450757986aa55e510db7aafd1df.jpg 65,234,139,349,4 331,240,398,327,4 5,233,67,320,4 2,243,21,317,3 291,224,343,325,2
DJI_0306_JPG.rf.e455f2e89beee9a8ffb3e4ff32333ccf.jpg 95,238,184,328,2
DJI_0273_JPG.rf.e6fa5b56b9524692bfcd0d840e89c682.jpg 373,75,415,254,2 378,65,412,235,4
DJI_0294_JPG.rf.e7f49f27980d517fb4e02a1e15f27877.jpg 166,278,239,357,4
DJI_0273_JPG.rf.ee30dc27fab878839e66fae95877169f.jpg 315,202,402,322,2 266,216,333,301,4 206,215,278,326,4 245,223,289,327,2
DJI_0291_JPG.rf.e25f70be726bae95b28bae3d214ebcdf.jpg 377,46,415,100,2
DJI_0269_JPG.rf.e946fb8b673c718996240c0f6b2a4326.jpg 185,117,265,237,2 239,121,307,228,4
DJI_0331_JPG.rf.e82cdab8207f8ce0f00b001ef1c63b0e.jpg 155,231,239,368,2 186,199,266,316,4
DJI_0304_JPG.rf.e9c0344cf1ee6ca3d7803b06971d9707.jpg 131,314,195,363,2 200,172,301,285,2 338,51,405,152,4 222,219,247,253,3 249,171,287,193,3 234,156,272,190,3 340,99,401,178,2 127,266,201,347,4 93,314,157,363,4 261,179,304,221,3 362,54,415,94,4 335,127,357,167,3
DJI_0318_JPG.rf.ef0d3e62002e9bcd6b041f7f9d34823c.jpg 38,169,139,255,4 34,135,191,281,2 49,169,173,246,2
DJI_0325_JPG.rf.e5e0e854216e3aa6b01a85fa4ec5d94e.jpg 36,269,132,360,4
DJI_0318_JPG.rf.e696debbe9d998975abe0d18f7e0aa53.jpg 28,80,138,157,4
DJI_0271_JPG.rf.ecaf906f61d849fe841886815983efa9.jpg 189,135,307,281,2 165,152,222,254,4 261,149,328,242,4 6,157,39,281,2 11,170,64,261,4
DJI_0275_JPG.rf.d9ee03c74a8889e6511f3fe92eae5bbf.jpg
DJI_0328_JPG.rf.ebfe92b0c419fc4a30df419734c3a82b.jpg 326,198,386,320,4 388,240,415,331,4 348,203,393,379,2
DJI_0274_JPG.rf.ec571b35212791e18393f2c3c46b9a89.jpg
DJI_0327_JPG.rf.ef895d86f3cd92a3f34095dc5a46627b.jpg -5,305,43,362,4
DJI_0304_JPG.rf.e99e2bb01288c0e08923ad00bde6a32d.jpg 0,54,81,110,2 1,52,26,96,4
DJI_0323_JPG.rf.ee555c1be582a4b6ed6cf9b3a23d6014.jpg 360,248,414,376,2 355,254,406,357,4
DJI_0270_JPG.rf.e9be06476f289db4dc6c388609947e83.jpg 221,284,284,360,4 391,265,415,364,4 175,270,265,350,2
DJI_0261_JPG.rf.f551cdb654d7baa0dd433fc179d5c196.jpg 254,134,331,217,2 217,172,300,257,4 90,292,181,366,4
DJI_0331_JPG.rf.f883a7944c15b7c7e207d70f87e43e37.jpg 12,170,104,368,2 352,64,420,132,2 35,141,115,237,4
DJI_0285_JPG.rf.ea1ce7038f0587c27862cddf54733d57.jpg 242,351,294,363,4 132,226,211,321,2 111,209,187,293,4
DJI_0283_JPG.rf.f168944b2ce00837e65a217fd5d779b0.jpg 378,264,401,288,3 349,86,414,147,4 379,256,407,294,3 331,141,415,210,2
DJI_0329_JPG.rf.e3ef4229e896f93e17b8798cb5e3c877.jpg 97,156,146,225,4 154,125,206,168,4
DJI_0293_JPG.rf.f352c66d23f640cea57fe89f0aa6c8c1.jpg 174,54,218,149,2 123,57,202,123,4
DJI_0278_JPG.rf.f0e807e86957fa1ba02d4454da2da585.jpg 4,295,69,349,0
DJI_0305_JPG.rf.f927de457bd6987fb355520da96c5351.jpg 380,270,417,345,4 364,328,415,365,4
DJI_0276_JPG.rf.d73d5a2d8db5c482f170e2202a3fba8f.jpg 306,266,405,336,2 289,55,395,111,2 299,299,409,361,4
DJI_0294_JPG.rf.f7b432679f4e0a42af4b05fde3f29c0a.jpg 97,109,142,224,2 71,99,127,206,4 129,116,175,175,4
DJI_0314_JPG.rf.f946db1435638de7b917aa4eb28f031a.jpg 325,39,399,166,0
DJI_0318_JPG.rf.fe99514dd77b05a3860240a404e46e95.jpg
DJI_0273_JPG.rf.f893334fcbef02e430335482074729d1.jpg 149,155,197,237,4 186,148,267,260,2
DJI_0329_JPG.rf.fcbc9821316ade3d3bb9c12332aa5906.jpg 224,48,298,85,4 149,46,338,173,2
DJI_0304_JPG.rf.f97d3b52cd1a9153207a1ce530292025.jpg 0,187,70,300,4 58,154,129,257,4 185,100,236,178,2 344,331,418,364,4 342,59,397,183,4 3,189,46,282,2 76,123,137,215,2 113,150,189,236,4 396,58,416,123,4 314,58,347,160,2 216,103,298,224,4 161,129,228,227,4
DJI_0309_JPG.rf.ff396b745fb670850426e9350cd57139.jpg 225,176,358,280,4 207,193,383,328,2 135,137,199,197,3
DJI_0291_JPG.rf.efee4cc2a5ded7ad9eabebb3848a04bb.jpg 4,193,42,262,2
DJI_0293_JPG.rf.ffff63681e44e69b1f6b98ea757d202f.jpg 1,126,16,214,4 6,55,69,127,4 3,43,158,179,2
